$ANSIBLE_VAULT;1.1;AES256
65373835663334666132363436623133623934383234346565626438383263346261363765343039
3862343964363866343063303036666231393364643434660a383634643938363461366661653564
30326536633666666235393765303962336134303731373162653532373837626531663863313230
6162373136633530300a336433626565313165646562373837363666346635333837616431613965
61646165613838373833383939376666353562336436373266383865363130366532336435643362
39356265303465373839373463313437633930353231323831656365333631636432616532616333
31346431383631633064373766343932383930616633656362663564646332633730383931323939
36666365336461663964306639366334313332666130643033646138393662613066316132393762
65646638636266323861663261353965343838333565623862616235383839316464353135633261
38653734656139633461326131633031633764666566373839643566303939393035633663666532
33313465633236623837616666386362386464663334333561333435363637613135613138393237
65646266613832336632383639323935666565383662666534376430626666333536616366393438
37343738303630326166303332656232653263623763366135636433646666313631363566666434
39346238653532663337353464323432386530656238663234353737323336663539353431353937
30383137343437666464336336376366363661373239303334663931373565326266633066313830
61316163363637363838363935396463613733373765343261383433643432626661663733373864
31383561303163396533616264623364613038383539306439633833653263363866356561326466
39613063383237366665306539386332656137316239303765333230626138326531656339303563
65393635353963376666333430323361363066613533623736336631643733313933633265656134
62643061663134353663646433313064616638376637626434653533643161663936316233636635
33616334643637333132393831383636373364643136306661366336616639316333653165353364
32393339323633663831623862303132336439393666303666343137356163636438326362386237
34333936626433303034663762656637343564353232376439383262343835306235323035333331
38396532366435656431333939303130353634373162363938623639343930623834613966356336
63653864343738656465616466626365393430393235346365616631366137663735353137353063
3965366434363463326631646463373839303637373762323663
