$ANSIBLE_VAULT;1.1;AES256
31623666376365666637373030626636663436356231366235353433633032373337376561353835
6337633064313039636538383561636364663265666236620a366530366432653063663432663832
32663463666436343163613536663131366137373164613732333236303539373237653937653933
6530643038376332380a326131663139366436343831303766613963633330643533653031303264
39336337636430666234653663316538363261323661303533303262393161376238346237303739
36613139313765656533386636333361643436626536656336316666303563306430363633303939
63343732616162643539643337613233643761346635353735333337313862633461306532653038
36316263343865323665333863313865343062373464626264653461316233386338343232313730
61396237386430643234343731633431636238343932306136643436353437326636366531393136
66396133663563383130633537303662333630343663306436366139396265616466383461636636
64616131616564353534656134333762306232643863383731373732316663616466393235346232
66646632626537653464356530636431343135356663653336613835633264366438396161336362
63383966383234383134626666623935346533386134313764623830303635373062356363633263
36653433626237313431346232326334336361316364353861616432343133383366353838393336
31373733393337383665323561663064643732656530643666356338663935303936363462366130
63393864386666326637623833316334643637373637656261613136633139396531633338353534
63653332343863353431616236653966376165633964626638323563393366383539393535326339
36663266306666623032616562316163303031303137653731656430386633333265643634306464
30343038376365663264633636626539613832376231363463383331373138303732323463363435
31333435353038383037306531616335613734646533653937616663633035336363626332663630
32333364316565363864346339323432636564363436376332643431663964643039356438366331
61396530306131393030363761616434363830626538646135353731353236666261306665363531
62393265356232623064303032343033653238303162663433663937323036363537353730383063
35396136396265363139316333356338386666653164633864366530313832616433373434383732
38613865343538343137383034346563383764613532393232663131303931303665323735356237
37646439346133316635353762323635323765353535313864303135316436356231343065633462
31303433636532626631633038613761396238666630626635643139316331656531386463363835
65616164396334393266666138386236393934313330396532316533306631323133303666343162
64363362636565396437306233653461363035303664646137343334313763616337303464613030
37333836333630353336653466356631323564623936623239373139666137396163386639653962
61383032666661383463306261626363396339356134643630653532333665313435663432306562
65353465316566353664353334356530636138633139633731666232633764663364366261366533
62613934656633633735333237633232386561383234306133363330313330306639303065353637
35323834386134363531653236343539333535613864646632353838656332653564316662396131
61373338323865346462623932386231616462376161386135623039643736663665646438616163
31303538653065323535386166336331666362303862636430646536336235646132643937643732
66373465313533343961373465643631366661343936343439376134393532333065313739653637
64363638623333623861663839306138663662306263356161303763366361313764616537396332
31396438636439306166376639376137636236393838626562333263303265313863393237336633
30393335393432613930353934623630666535343535316364643833633665316136646561666230
34376664366363656135626132633230656565376532623664663233653039626131353065353962
34616331653537353565383338626131326439636536386666373033636139373235626432366638
66643539626131313561623539616265343032343666623937633865663935653136313032393662
66373566383230343632346566633961336237663332396338656361376465343962333335656139
38366463666134643130613461306130653738306138316162366238343663613866
